C_best_g: 3027.5052045826224
x_best_g: 894.5544661965388 , 622.153804392606 , 299.0713422892372 , 526.4220047161308 , 534.5621331382007 , 136.0960866141845 , 734.6971954873653 , 899.6575166816127 , 716.426254494215 , 642.0538076743522 , 737.982872030705 , 960.1062015330758 , 441.3549342298709 , 916.2481036875952 , 861.6999095435078 , 763.7682049134733 , 440.1056677638364 , 593.3724567204566 , 789.1483032227532 , 791.8435144709786 , 878.8078671331901 , 697.2922462337071 , 732.4488475922606 , 482.61345706339137 , 
mode_best_g: 0.0 , 1.0 , 2.0 , 0.0 , 2.0 , 0.0 , 2.0 , 2.0 , 0.0 , 1.0 , 0.0 , 2.0 , 2.0 , 1.0 , 0.0 , 2.0 , 1.0 , 
x_best_s: [894.5544662  622.15380439 299.07134229 526.42200472 534.56213314
 136.09608661 734.69719549 899.65751668 716.42625449 642.05380767
 737.98287203 960.10620153 441.35493423 916.24810369 861.69990954
 763.76820491 440.10566776 593.37245672 789.14830322 791.84351447
 878.80786713 697.29224623 732.44884759 482.61345706]
[894.5544662  622.15380439 299.07134229 526.42200472 534.56213314
 136.09608661 734.69719549 899.65751668 716.42625449 642.05380767
 737.98287203 960.10620153 441.35493423 916.24810369 861.69990954
 763.76820491 440.10566776 593.37245672 789.14830322 791.84351447
 878.80786713 697.29224623 732.44884759 482.61345706]
[894.5544662  622.15380439 299.07134229 526.42200472 534.56213314
 136.09608661 734.69719549 899.65751668 716.42625449 642.05380767
 737.98287203 960.10620153 441.35493423 916.24810369 861.69990954
 763.76820491 440.10566776 593.37245672 789.14830322 791.84351447
 878.80786713 697.29224623 732.44884759 482.61345706]
[894.5544662  622.15380439 299.07134229 526.42200472 534.56213314
 136.09608661 734.69719549 899.65751668 716.42625449 642.05380767
 737.98287203 960.10620153 441.35493423 916.24810369 861.69990954
 763.76820491 440.10566776 593.37245672 789.14830322 791.84351447
 878.80786713 697.29224623 732.44884759 482.61345706]
[894.5544662  622.15380439 299.07134229 526.42200472 534.56213314
 136.09608661 734.69719549 899.65751668 716.42625449 642.05380767
 737.98287203 960.10620153 441.35493423 916.24810369 861.69990954
 763.76820491 440.10566776 593.37245672 789.14830322 791.84351447
 878.80786713 697.29224623 732.44884759 482.61345706]
[936.31494343 375.42000791 317.24088577 914.5386391  804.62399748
 122.51048814 345.49496682 892.98862676 435.81469213 856.60192369
 571.54279218 711.70322821 730.7038074  745.26340407 798.56903838
 881.78698935 763.15168657 850.8706348  756.7275945  840.88181409
 625.06976438 696.85300718 232.74935113 908.88634953]
[894.5544662  622.15380439 299.07134229 526.42200472 534.56213314
 136.09608661 734.69719549 899.65751668 716.42625449 642.05380767
 737.98287203 960.10620153 441.35493423 916.24810369 861.69990954
 763.76820491 440.10566776 593.37245672 789.14830322 791.84351447
 878.80786713 697.29224623 732.44884759 482.61345706]
[936.31494343 375.42000791 317.24088577 914.5386391  804.62399748
 122.51048814 345.49496682 892.98862676 435.81469213 856.60192369
 571.54279218 711.70322821 730.7038074  745.26340407 798.56903838
 881.78698935 763.15168657 850.8706348  756.7275945  840.88181409
 625.06976438 696.85300718 232.74935113 908.88634953]
[894.5544662  622.15380439 299.07134229 526.42200472 534.56213314
 136.09608661 734.69719549 899.65751668 716.42625449 642.05380767
 737.98287203 960.10620153 441.35493423 916.24810369 861.69990954
 763.76820491 440.10566776 593.37245672 789.14830322 791.84351447
 878.80786713 697.29224623 732.44884759 482.61345706]
[894.5544662  622.15380439 299.07134229 526.42200472 534.56213314
 136.09608661 734.69719549 899.65751668 716.42625449 642.05380767
 737.98287203 960.10620153 441.35493423 916.24810369 861.69990954
 763.76820491 440.10566776 593.37245672 789.14830322 791.84351447
 878.80786713 697.29224623 732.44884759 482.61345706]

C_best_s: 3039.7934037452414 , 3039.738081059522 , 3039.738081059522 , 3039.738081059522 , 3039.738081059522 , 3038.3444873726016 , 3035.472294813164 , 3032.5719204801503 , 3029.5348602278386 , 3027.5052045826224 , 
turn_choice_s: [0. 1. 2. 0. 2. 0. 2. 2. 0. 1. 0. 2. 2. 1. 0. 2. 1.]
[0. 1. 2. 0. 2. 0. 2. 2. 0. 1. 0. 2. 2. 1. 0. 2. 1.]
[0. 1. 2. 0. 2. 0. 2. 2. 0. 1. 0. 2. 2. 1. 0. 2. 1.]
[0. 1. 2. 0. 2. 0. 2. 2. 0. 1. 0. 2. 2. 1. 0. 2. 1.]
[0. 1. 2. 0. 2. 0. 2. 2. 0. 1. 0. 2. 2. 1. 0. 2. 1.]
[0. 1. 0. 0. 0. 1. 0. 1. 1. 0. 1. 1. 2. 1. 0. 2. 1.]
[0. 1. 2. 0. 2. 0. 2. 2. 0. 1. 0. 2. 2. 1. 0. 2. 1.]
[0. 1. 0. 0. 0. 1. 0. 1. 1. 0. 1. 1. 2. 1. 0. 2. 1.]
[0. 1. 2. 0. 2. 0. 2. 2. 0. 1. 0. 2. 2. 1. 0. 2. 1.]
[0. 1. 2. 0. 2. 0. 2. 2. 0. 1. 0. 2. 2. 1. 0. 2. 1.]

